# Created by Octave 6.1.0, Thu Feb 18 09:50:09 2021 GMT <unknown@DESKTOP-LU10P5C>
# name: v
# type: range
# base, limit, increment
1 6 1


