# Created by Octave 5.2.0, Wed Dec 02 12:50:14 2020 KST <devas@devas-VirtualBox>
# name: A
# type: matrix
# rows: 3
# columns: 2
 1 2
 3 4
 5 6


# name: I
# type: diagonal matrix
# rows: 4
# columns: 4
1
1
1
1


# name: V
# type: matrix
# rows: 3
# columns: 1
 1
 2
 3


# name: W
# type: matrix
# rows: 100
# columns: 1
 -2.9528138666758634
 -4.4427984322422933
 -1.8443358969260797
 -2.5824596835482563
 -1.9481465285723072
 -3.0318750906678646
 -2.6058736764408614
 -3.3629309278934065
 -4.0722342138119201
 -3.7126997108913904
 -2.1920041318812888
 -3.6179013583782487
 -3.6372332597178523
 -3.6005803338821147
 -3.8144891240274803
 -1.9613895576684699
 -3.7014550490236298
 -1.8028568050030866
 -1.818612702443472
 -0.97292960511735638
 -4.1546439037083207
 -5.3850469047908884
 -3.3647670749359819
 -3.3629430708624226
 -3.7047594843784575
 -2.2846479943523352
 -4.2848433866218114
 -2.527233762815595
 -2.1472908015746994
 -2.8474343720917843
 -3.251908607298966
 -3.4663249934079094
 -3.4890143808580412
 -3.8481122597237727
 -2.5736425482434275
 -2.0820902290148524
 -3.6382847532799545
 -2.7576105793591763
 -2.1869388541588966
 -2.6525019306833566
 -1.2304851244844126
 -3.4460162384009285
 -2.953757264377157
 -4.1644078972470115
 -2.6800064676139073
 -4.1666439714720394
 -2.7336775120047521
 -0.14653453466432165
 -2.3981664447035969
 -3.4625437190358572
 -3.0455070823243964
 -1.7432184844324952
 -1.4833853351024138
 -3.0584318551103262
 -2.9474770757424795
 -2.2132505786085099
 -5.0099263336516699
 -3.8697077591273041
 -2.8028138517179531
 -2.6521057407666264
 -1.5576748785629437
 -1.704638412035377
 -4.1748054911153956
 -2.5571454542659913
 -1.8507926005030235
 -3.5028390061804244
 -2.5165588345940191
 -2.6715404548713466
 -4.7558065338006044
 -2.7956017631860637
 -1.2589883740843582
 -2.4125517127956697
 -2.267863611655105
 -3.4354829605398836
 -2.9072748228522238
 -3.6161878680352553
 -3.7085401068950645
 -1.7806213345632504
 -2.1690513990146725
 -2.296065211240212
 -2.560242898193017
 -2.0593183593880671
 -2.4013599766635161
 -3.4254837047728524
 -2.3847096669921553
 -2.6177814063071292
 -3.883537263069885
 -2.5628072686128687
 -3.0757123125873824
 -2.8237764966028371
 -3.1312998780489161
 -3.8320800772253554
 -4.7766003674238267
 -2.868718040909128
 -2.8362921512126746
 -2.7148301411409657
 -3.056049096188056
 -1.4058348726408405
 -5.5448813129307268
 -4.3348832212689068


# name: a
# type: scalar
3.1415926535897931


# name: ans
# type: scalar
0


# name: v
# type: range
# base, limit, increment
1 6 1


